APRIZESAT 2             
1 28366U 04025A   25222.93866187  .00000236  00000+0  85952-4 0  9990
2 28366  98.0799  41.9631 0107167 106.6623 254.6362 14.37828001107054
SAUDICOMSAT 1           
1 28369U 04025D   25223.20822438  .00000400  00000+0  10358-3 0  9995
2 28369  98.5726 220.0878 0031127 252.2351 107.5448 14.55082326119048
SAUDICOMSAT 2           
1 28370U 04025E   25222.97941297  .00000372  00000+0  10731-3 0  9998
2 28370  98.6624 221.5036 0056920 118.4664 242.2279 14.49648388115154
APRIZESAT 1             
1 28372U 04025G   25223.26070623  .00000345  00000+0  97326-4 0  9995
2 28372  98.6267 220.6178 0045229  19.0147 341.2723 14.51494927116941
NANOSAT-1               
1 28493U 04049B   25223.18509457  .00001243  00000+0  17529-3 0  9992
2 28493  98.1871 348.3028 0003617 192.4030 167.7092 14.79074273109608
SAUDICOMSAT 7           
1 31119U 07012C   25223.13802098  .00000769  00000+0  14816-3 0  9994
2 31119  98.3324 186.8581 0057717  88.2818 272.4994 14.65456450977016
SAUDICOMSAT 6           
1 31121U 07012E   25223.11825286  .00000485  00000+0  10360-3 0  9994
2 31121  98.3623 180.8378 0071806 211.4284 148.2616 14.61947660974866
SAUDICOMSAT 5           
1 31124U 07012H   25223.12914536  .00000935  00000+0  17145-3 0  9993
2 31124  98.3035 187.6643 0048537  22.8770 337.4582 14.67458199978100
SAUDICOMSAT 3           
1 31125U 07012J   25222.86479699  .00000981  00000+0  17117-3 0  9990
2 31125  98.2698 187.9986 0038683 314.7402  45.0656 14.69878947979221
SAUDICOMSAT 4           
1 31127U 07012L   25222.84230712  .00000596  00000+0  12046-3 0  9999
2 31127  98.3521 185.0383 0064857 147.0687 213.4581 14.63865396975966
APRIZESAT 4             
1 35684U 09041D   25223.13554300  .00000780  00000+0  10139-3 0  9996
2 35684  98.1810 286.7973 0042688 245.6355 114.0399 14.83127033865395
APRIZESAT 3             
1 35686U 09041F   25223.12146737  .00001807  00000+0  16605-3 0  9993
2 35686  98.1632 357.6635 0063767  11.6304 348.6371 14.94685816870030
S-NET D                 
1 43186U 18014G   25222.96925319  .00005269  00000+0  30739-3 0  9999
2 43186  97.5553 125.2388 0009476  22.3054 337.8587 15.12346153411805
S-NET B                 
1 43187U 18014H   25223.17396671  .00004899  00000+0  28621-3 0  9992
2 43187  97.5559 125.4163 0009991  16.6534 343.5023 15.12328829411838
S-NET A                 
1 43188U 18014J   25223.16791547  .00004931  00000+0  28784-3 0  9990
2 43188  97.5565 125.5685 0009886  17.2425 342.9139 15.12353393411830
S-NET C                 
1 43189U 18014K   25223.17652489  .00004919  00000+0  28728-3 0  9997
2 43189  97.5582 125.6020 0011140   8.8703 351.2722 15.12325756410387
SALSAT                  
1 46495U 20068K   25222.89663788  .00008301  00000+0  35039-3 0  9996
2 46495  97.8650 203.8531 0009497 312.0750  47.9677 15.23518488268016
OOV-CUBE (TUBSAT-30)    
1 60240U 24128F   25223.04212119  .00002732  00000+0  22484-3 0  9999
2 60240  61.9937 225.3662 0056454  67.9548 292.7525 15.00539711 59534
