INTELSAT 10 (IS-10)     
1 26766U 01019A   25223.03725272 -.00000215  00000+0  00000+0 0  9997
2 26766   8.3268  62.4104 0000816 157.2640  64.4892  0.99077538 42505
INTELSAT 902 (IS-902)   
1 26900U 01039A   25220.53256991 -.00000282  00000+0  00000+0 0  9992
2 26900   5.3231  75.6181 0004221  63.1376 320.1459  1.00271528 87630
INTELSAT 904 (IS-904)   
1 27380U 02007A   25223.07128065 -.00000203  00000+0  00000+0 0  9996
2 27380   6.1381  72.9115 0003252  97.2961 147.7616  1.00271738 48656
DIRECTV 5 (TEMPO 1)     
1 27426U 02023A   25223.23302300 -.00000056  00000+0  00000+0 0  9995
2 27426   4.0795  79.2157 0003418  73.9039 140.5942  1.00271740 85017
INTELSAT 905 (IS-905)   
1 27438U 02027A   25223.22764964  .00000095  00000+0  00000+0 0  9991
2 27438   5.9679  73.5435 0002394  65.7017 125.4476  1.00272151 48250
GALAXY 3C (G-3C)        
1 27445U 02030A   25223.28554891 -.00000151  00000+0  00000+0 0  9999
2 27445   2.9344  81.8946 0002810  53.1995 192.8536  1.00271196 43384
INTELSAT 906 (IS-906)   
1 27513U 02041A   25223.19625360  .00000014  00000+0  00000+0 0  9994
2 27513   5.0107  76.7614 0002084  53.0122 324.9162  1.00271242 83929
GALAXY 23 (G-23)        
1 27854U 03034A   25223.25962979 -.00000046  00000+0  00000+0 0  9998
2 27854   2.3916  83.4846 0001079 147.5122 206.4975  0.98968222 80626
GALAXY 13 (HORIZONS-1)  
1 27954U 03044A   25223.22513631  .00000134  00000+0  00000+0 0  9991
2 27954   0.6130  88.6149 0001932  43.9645 118.3866  1.00271832 43465
INTELSAT 10-02          
1 28358U 04022A   25223.06572551 -.00000010  00000+0  00000+0 0  9999
2 28358   0.0573 273.1079 0000851 228.0361 201.3278  1.00271834 77449
XM-3 (RHYTHM)           
1 28626U 05008A   25223.02365289 -.00000198  00000+0  00000+0 0  9993
2 28626   0.0204  97.1568 0001102 151.6149 353.1617  1.00268115 39517
DIRECTV 8               
1 28659U 05019A   25222.94582031  .00000002  00000+0  00000+0 0  9990
2 28659   0.0195  92.7390 0003198  59.2909  29.0804  1.00271864 73969
GALAXY 28 (G-28)        
1 28702U 05022A   25223.23726969 -.00000186  00000+0  00000+0 0  9990
2 28702   2.4968  82.8419 0002737  61.9359 171.8683  1.00272474 48872
GALAXY 16 (G-16)        
1 29236U 06023A   25223.28736843 -.00000126  00000+0  00000+0 0  9996
2 29236   0.0561 254.0233 0002925 256.3997 174.0230  1.00271926 69868
DIRECTV 9S              
1 29494U 06043A   25223.23484301 -.00000112  00000+0  00000+0 0  9993
2 29494   1.6150  84.7948 0003022  57.7471 160.7477  1.00271331 48272
GALAXY 17 (G-17)        
1 31307U 07016B   25223.23804969 -.00000205  00000+0  00000+0 0  9999
2 31307   2.1812  83.9116 0002121  89.5522 147.1637  1.00272299 66693
DIRECTV 10              
1 31862U 07032A   25223.28008840 -.00000101  00000+0  00000+0 0  9997
2 31862   0.0064 291.8297 0000550 255.3437 130.8558  1.00269550 42485
INTELSAT 11 (IS-11)     
1 32253U 07044B   25223.19322025  .00000073  00000+0  00000+0 0  9996
2 32253   2.7518  82.5486 0006271  99.1534 256.6960  0.99048061 65372
HORIZONS-2              
1 32388U 07063B   25223.24021637 -.00000252  00000+0  00000+0 0  9997
2 32388   1.7964  84.5741 0002461  79.5394 168.5136  1.00272180 64700
DIRECTV 11              
1 32729U 08013A   25223.28736831 -.00000124  00000+0  00000+0 0  9993
2 32729   0.0147 284.2861 0000494 298.9072 101.0680  1.00269582 42489
GALAXY 18 (G-18)        
1 32951U 08024A   25222.73082834  .00000027  00000+0  00000+0 0  9999
2 32951   0.0179  95.4214 0003143  52.0690 312.0380  1.00271829 42741
INTELSAT 25 (IS-25)     
1 33153U 08034A   25223.24862307 -.00000223  00000+0  00000+0 0  9992
2 33153   1.9032  84.2462 0003963  77.6160 216.1211  1.00272601 62580
GALAXY 19 (G-19)        
1 33376U 08045A   25223.28373646 -.00000138  00000+0  00000+0 0  9993
2 33376   0.0534 270.4710 0002869 236.5547 178.1135  1.00271012 61797
FM-5                    
1 35493U 09034A   25223.23778969 -.00000198  00000+0  00000+0 0  9992
2 35493   0.0081 223.6046 0000707 182.3310 273.4704  1.00268070 43536
INTELSAT 14 (IS-14)     
1 36097U 09064A   25223.24593639 -.00000272  00000+0  00000+0 0  9999
2 36097   0.0158  75.8060 0002860  75.8312 211.8638  1.00271205 57491
INTELSAT 15 (IS-15)     
1 36106U 09067A   25223.12901963 -.00000184  00000+0  00000+0 0  9995
2 36106   0.0228 102.8563 0002416  51.6631 296.9213  1.00269153 38112
DIRECTV 12              
1 36131U 09075A   25223.14934910 -.00000102  00000+0  00000+0 0  9992
2 36131   0.0373 250.1786 0000332 281.1727  99.5580  1.00270541 43445
INTELSAT 16 (IS-16)     
1 36397U 10006A   25223.16843346 -.00000243  00000+0  00000+0 0  9992
2 36397   0.0045 313.6759 0002562 205.7874 144.8488  1.00271092 56540
XM-5                    
1 37185U 10053A   25222.66106133 -.00000022  00000+0  00000+0 0  9995
2 37185   0.0548 274.8114 0000512 140.6585  26.6974  1.00270565 54365
INTELSAT 17 (IS-17)     
1 37238U 10065B   25223.12520627 -.00000001  00000+0  00000+0 0  9994
2 37238   0.0286 221.6016 0002741 290.8059 278.4868  1.00273263 50132
INTELSAT 28 (IS-28)     
1 37392U 11016A   25223.24862307 -.00000224  00000+0  00000+0 0  9996
2 37392   0.9994  86.8428 0004482  49.6346 241.2629  1.00269207 50179
INTELSAT 18 (IS-18)     
1 37834U 11056A   25223.07634645  .00000053  00000+0  00000+0 0  9993
2 37834   0.0117 129.2364 0001810  28.8367   9.1875  1.00269082 50707
INTELSAT 22 (IS-22)     
1 38098U 12011A   25223.12641962 -.00000058  00000+0  00000+0 0  9990
2 38098   0.0126  76.7209 0002049  87.0810 273.6346  1.00272111  4076
INTELSAT 19 (IS-19)     
1 38356U 12030A   25223.21572218 -.00000056  00000+0  00000+0 0  9993
2 38356   0.0178  82.9063 0003269  70.3687  50.3045  1.00270788 47340
INTELSAT 20 (IS-20)     
1 38740U 12043A   25222.70353963 -.00000025  00000+0  00000+0 0  9997
2 38740   0.0170 108.9023 0000383  21.0382 151.2319  1.00276657 47631
INTELSAT 21 (IS-21)     
1 38749U 12045A   25223.02928625 -.00000284  00000+0  00000+0 0  9994
2 38749   0.0165  84.6154 0002055  63.9601 123.7244  1.00277404 47414
INTELSAT 23 (IS-23)     
1 38867U 12057A   25223.11394808 -.00000283  00000+0  00000+0 0  9997
2 38867   0.0502 257.3553 0000855 179.5957 230.8498  1.00263102 46843
FM-6                    
1 39360U 13058A   25222.66080133 -.00000015  00000+0  00000+0 0  9993
2 39360   0.0104 124.0724 0002223  41.3588 275.6893  1.00270069 42940
INTELSAT 30 (IS-30)     
1 40271U 14062A   25223.16470678 -.00000149  00000+0  00000+0 0  9993
2 40271   0.0146  63.4006 0001546 344.2250 236.4912  1.00270769  3677
DIRECTV 14              
1 40333U 14078B   25223.17532206 -.00000124  00000+0  00000+0 0  9999
2 40333   0.0191  86.3294 0000651 104.9056  92.5210  1.00269643 38938
DIRECTV 15              
1 40663U 15026A   25223.28008855 -.00000101  00000+0  00000+0 0  9994
2 40663   0.0181  92.8967 0000410 325.6768 259.3869  1.00271306 37354
SKY MEXICO-1            
1 40664U 15026B   25223.16791346 -.00000233  00000+0  00000+0 0  9992
2 40664   0.0234  93.6057 0002101  55.5657 152.3975  1.00269129 37347
INTELSAT 34 (IS-34)     
1 40874U 15039A   25222.38737718 -.00000284  00000+0  00000+0 0  9991
2 40874   0.0208 105.3263 0001606 261.5450  36.2051  1.00268300 36502
INTELSAT 31 (IS-31)     
1 41581U 16035A   25223.02191955 -.00000151  00000+0  00000+0 0  9996
2 41581   0.0362 242.6095 0001703  25.2451 324.7231  1.00281042 33578
INTELSAT 36 (IS-36)     
1 41747U 16053A   25222.69746153 -.00000024  00000+0  00000+0 0  9997
2 41747   0.0121  44.2592 0002182 311.8507 282.8877  1.00274395 32832
INTELSAT 32E (IS-32E)   
1 41945U 17007B   25223.03223293 -.00000268  00000+0  00000+0 0  9991
2 41945   0.0127  87.4365 0000865 292.8571 267.8748  1.00271084 31112
INTELSAT 35E (IS-35E)   
1 42818U 17041A   25223.24801640 -.00000237  00000+0  00000+0 0  9996
2 42818   0.0101 169.8226 0001992 342.4625 222.4526  1.00272187 29707
INTELSAT 37E (IS-37E)   
1 42950U 17059A   25222.96584038 -.00000139  00000+0  00000+0 0  9990
2 42950   0.0149  84.2634 0002708  56.3702 148.7497  1.00271462 28950
AZERSPACE 2 (IS-38)     
1 43632U 18074A   25223.19244024  .00000137  00000+0  00000+0 0  9997
2 43632   0.0181 110.2172 0001440  31.5959 292.4839  1.00269278 25330
HORIZONS-3E             
1 43633U 18074B   25223.21698961 -.00000030  00000+0  00000+0 0  9997
2 43633   0.0563 256.5305 0001445  47.6546 262.8416  1.00270895 25230
AT&T T-16               
1 44333U 19034A   25223.28058794 -.00000114  00000+0  00000+0 0  9996
2 44333   0.0174  93.0835 0000437 320.9617 266.0960  1.00269713 22520
INTELSAT 39 (IS-39)     
1 44476U 19049B   25223.19582027  .00000035  00000+0  00000+0 0  9992
2 44476   0.0207 107.8210 0001031 211.9042 132.6210  1.00269109 22017
GALAXY 30 (G-30)        
1 46114U 20056C   25223.23007632  .00000038  00000+0  00000+0 0  9995
2 46114   0.0183  85.3873 0002470  65.1129 127.2590  1.00271623 18187
GALAXY 33 (G-33)        
1 54026U 22128A   25223.25325579  .00000080  00000+0  00000+0 0  9990
2 54026   0.0189  97.3442 0001871  48.0900 132.6997  1.00272000 10633
GALAXY 34 (G-34)        
1 54027U 22128B   25222.72970168  .00000060  00000+0  00000+0 0  9990
2 54027   0.0206  81.1654 0001423  58.0309 313.9190  1.00271457 10800
GALAXY 31 (G-31)        
1 54243U 22153A   25223.23094299  .00000014  00000+0  00000+0 0  9996
2 54243   0.0097 140.1908 0001131  47.9049  93.9849  1.00271721  4027
GALAXY 32 (G-32)        
1 54244U 22153B   25222.95136700 -.00000173  00000+0  00000+0 0  9996
2 54244   0.0030 335.6876 0000884  90.9699 144.5019  1.00270664 10038
GALAXY 35 (G-35)        
1 54741U 22170A   25223.23640301 -.00000161  00000+0  00000+0 0  9993
2 54741   0.0132 136.9879 0002003   2.5233 172.4262  1.00270383  9784
GALAXY 36 (G-36)        
1 54742U 22170B   25223.23726969 -.00000184  00000+0  00000+0 0  9994
2 54742   0.0442 247.6114 0002483 231.3669 197.3855  1.00270749  9665
GALAXY 37 (G-37)        
1 57493U 23112A   25223.22972965  .00000049  00000+0  00000+0 0  9994
2 57493   0.0171  79.1948 0002032  65.7667 130.6794  1.00271717  7431
