AMC-3                   
1 24936U 97050A   25223.02642624 -.00000261  00000+0  00000+0 0  9993
2 24936   7.3811  67.5975 0002777  78.0738 111.5890  1.00271671 49329
NSS-11                  
1 26554U 00059A   25223.21846295  .00000026  00000+0  00000+0 0  9993
2 26554   1.3194  85.2306 0003047  58.4940  70.8527  1.00272136 38181
AMC-6                   
1 26580U 00067A   25223.22808299  .00000089  00000+0  00000+0 0  9993
2 26580   0.0181  33.6372 0003802 114.0369 119.3069  1.00272961 90785
AMC-11                  
1 28252U 04017A   25223.23284966 -.00000048  00000+0  00000+0 0  9996
2 28252   0.0541 282.7856 0003059 217.1982 152.6742  1.00271145 77761
AMC-15                  
1 28446U 04041A   25223.27865626 -.00000087  00000+0  00000+0 0  9993
2 28446   0.0157 299.1658 0002329 206.8756 169.2171  1.00269263 76198
NSS-10                  
1 28526U 05003A   25223.09489069 -.00000251  00000+0  00000+0 0  9997
2 28526   5.6709  74.2150 0002936  56.9363 185.3709  1.00271457 50042
ASTRA 1KR               
1 29055U 06012A   25223.11593289  .00000121  00000+0  00000+0 0  9994
2 29055   0.0896 278.3450 0003715 261.7239 200.6793  1.00270435 42589
ASTRA 1L                
1 31306U 07016A   25223.25876312  .00000122  00000+0  00000+0 0  9998
2 31306   0.5159  82.5824 0003084  58.5442 291.4149  1.00273240 41876
ASTRA 4A                
1 32299U 07057A   25223.25581645  .00000033  00000+0  00000+0 0  9998
2 32299   0.0333 284.6563 0002774 213.7659 278.4394  1.00271497 48531
AMC-21                  
1 33275U 08038B   25223.23016299  .00000037  00000+0  00000+0 0  9993
2 33275   2.1409  84.2385 0002674  53.7750 139.8706  1.00269547 62381
ASTRA 1M                
1 33436U 08057A   25222.97312042  .00000121  00000+0  00000+0 0  9992
2 33436   0.0188  59.0796 0005736  85.3125 184.7920  1.00270787 42626
NSS-9                   
1 33749U 09008A   25223.07703979  .00000073  00000+0  00000+0 0  9997
2 33749   0.4546  85.0721 0002219  47.3383  38.1910  1.00273194 60412
SES-7 (PROTOSTAR 2)     
1 34941U 09027A   25223.27635654 -.00000344  00000+0  00000+0 0  9991
2 34941   0.0247  73.8556 0001113 146.7596 307.0961  1.00268566 59525
NSS-12                  
1 36032U 09058A   25223.19469359  .00000072  00000+0  00000+0 0  9993
2 36032   0.0750 281.7199 0003128 197.5889 327.6883  1.00272175 57819
SES-1                   
1 36516U 10016A   25223.29309111 -.00000113  00000+0  00000+0 0  9993
2 36516   0.0562 279.2630 0002444 222.8169 182.4383  1.00271369 55928
ASTRA 3B                
1 36581U 10021A   25223.25954313  .00000138  00000+0  00000+0 0  9993
2 36581   0.6635  87.9713 0003973  37.6962 311.2240  1.00269982 55757
SES-3                   
1 37748U 11035A   25223.28008825 -.00000100  00000+0  00000+0 0  9996
2 37748   0.5199  86.4242 0002518  29.1199 202.2706  1.00269624 51485
ASTRA 1N                
1 37775U 11041A   25222.97312042  .00000121  00000+0  00000+0 0  9999
2 37775   0.0561  17.2712 0003834  79.0610 232.8761  1.00273186 41411
SES-2                   
1 37809U 11049A   25223.23761635 -.00000194  00000+0  00000+0 0  9992
2 37809   0.0161  15.2286 0002632 126.1060 177.1496  1.00270884 50853
QUETZSAT 1              
1 37826U 11054A   25223.23951356 -.00000240  00000+0  00000+0 0  9990
2 37826   0.0564 278.6595 0002773 229.3153 181.1958  1.00272821 46768
SES-4                   
1 38087U 12007A   25223.03639294 -.00000167  00000+0  00000+0 0  9999
2 38087   0.0240  41.3537 0002215 104.5953 164.8929  1.00273597 49112
SES-5                   
1 38652U 12036A   25223.25590311  .00000035  00000+0  00000+0 0  9992
2 38652   0.0450 297.8950 0002105 201.4628 277.7136  1.00271010 41354
ASTRA 2F                
1 38778U 12051A   25223.26049647  .00000151  00000+0  00000+0 0  9999
2 38778   0.0960 260.8610 0003045 285.5127 255.5509  1.00269395 38024
SES-6                   
1 39172U 13026A   25223.23680769 -.00000260  00000+0  00000+0 0  9996
2 39172   0.0374 283.8894 0002328 197.2069 243.5872  1.00269043 44610
O3B FM5                 
1 39188U 13031A   25222.62290199 -.00000014  00000+0  00000+0 0  9992
2 39188   0.0344 355.4317 0002599 146.4172 218.1685  5.00116033221500
O3B FM4                 
1 39189U 13031B   25222.72906751 -.00000014  00000+0  00000+0 0  9992
2 39189   0.0602   3.9777 0003075 181.5355 174.4825  5.00115000221521
O3B FM2                 
1 39190U 13031C   25222.59522821 -.00000014  00000+0  00000+0 0  9991
2 39190   0.0661   5.4364 0002777 135.3783 219.2045  5.00115850221577
O3B PFM                 
1 39191U 13031D   25223.00905047 -.00000014  00000+0  00000+0 0  9994
2 39191   0.0343   8.0698 0002658 190.9854 160.9340  5.00115851221153
ASTRA 2E                
1 39285U 13056A   25223.26049647  .00000151  00000+0  00000+0 0  9999
2 39285   0.0618  28.3023 0002622 127.6074 286.3395  1.00275186 43318
SES-8                   
1 39460U 13071A   25223.03864288 -.00000269  00000+0  00000+0 0  9993
2 39460   0.0609 274.1911 0002667 205.5808 308.8839  1.00270964 41310
ASTRA 5B                
1 39617U 14011B   25223.25954313  .00000138  00000+0  00000+0 0  9999
2 39617   0.0746 299.1785 0002842 226.3015 271.4134  1.00272904 41564
O3B FM3                 
1 40079U 14038A   25223.07556922 -.00000014  00000+0  00000+0 0  9990
2 40079   0.0531 359.5492 0003168  91.3983 269.0879  5.00115449197534
O3B FM7                 
1 40080U 14038B   25223.22155076 -.00000014  00000+0  00000+0 0  9994
2 40080   0.0560   6.7948 0003785 158.1023 195.1134  5.00115469202371
O3B FM6                 
1 40081U 14038C   25223.24860900 -.00000014  00000+0  00000+0 0  9996
2 40081   0.0546   2.2113 0002753 136.0469 221.7620  5.00115652202318
O3B FM8                 
1 40082U 14038D   25223.10212980 -.00000014  00000+0  00000+0 0  9991
2 40082   0.0549   3.3082 0002546 134.8217 221.8887  5.00115812202433
O3B FM10                
1 40348U 14083A   25222.92902659 -.00000014  00000+0  00000+0 0  9994
2 40348   0.0648  17.8975 0008604 110.3498 231.8294  5.00115073194375
O3B FM11                
1 40349U 14083B   25222.94190469 -.00000014  00000+0  00000+0 0  9995
2 40349   0.0457   0.1449 0003320 149.2149 210.6587  5.00115539194398
O3B FM12                
1 40350U 14083C   25223.16900448 -.00000014  00000+0  00000+0 0  9998
2 40350   0.0467 359.9047 0002865 137.9970 222.1195  5.00115825194402
O3B FM9                 
1 40351U 14083D   25222.59613207 -.00000014  00000+0  00000+0 0  9999
2 40351   0.0449   1.1943 0002698 138.5407 220.2840  5.00115652194538
ASTRA 2G                
1 40364U 14089A   25223.26049647  .00000151  00000+0  00000+0 0  9996
2 40364   0.0567 320.9115 0003417 136.6978 344.3452  1.00275953 38865
SES-9                   
1 41380U 16013A   25223.27626986 -.00000344  00000+0  00000+0 0  9997
2 41380   0.0145 285.4961 0002067 196.4470  45.7901  1.00270828 34336
SES-10                  
1 42432U 17017A   25222.31366836 -.00000271  00000+0  00000+0 0  9999
2 42432   0.0100  38.6555 0002995  99.9355 226.4733  1.00275600 30624
SES-15                  
1 42709U 17026A   25223.22929632  .00000061  00000+0  00000+0 0  9992
2 42709   0.0340 325.8143 0000309 153.6954 153.8050  1.00267742  4322
SES-11 (ECHOSTAR 105)   
1 42967U 17063A   25223.27865634 -.00000088  00000+0  00000+0 0  9995
2 42967   0.0125  24.4218 0002675 119.7221 171.2069  1.00271032 28611
SES-14                  
1 43175U 18012B   25223.10275950 -.00000277  00000+0  00000+0 0  9990
2 43175   0.0166  21.5537 0001216 118.2740 169.4882  1.00271094  3916
O3B FM15                
1 43231U 18024A   25222.66277217 -.00000014  00000+0  00000+0 0  9993
2 43231   0.0497 351.4399 0003013 144.3377 224.2456  5.00115438135499
O3B FM16                
1 43232U 18024B   25223.11503212 -.00000014  00000+0  00000+0 0  9992
2 43232   0.0510 346.8947 0002992 150.3431 222.7846  5.00115642135422
O3B FM14                
1 43233U 18024C   25222.95577621 -.00000014  00000+0  00000+0 0  9999
2 43233   0.0525 346.7261 0002743 152.7908 220.5026  5.00115320135436
O3B FM13                
1 43234U 18024D   25222.62203358 -.00000014  00000+0  00000+0 0  9997
2 43234   0.0486  18.5718 0029308 162.0158 179.4084  5.00115935135529
SES-12                  
1 43488U 18049A   25223.13101296 -.00000269  00000+0  00000+0 0  9992
2 43488   0.0131  22.6573 0001069 211.2204 228.1290  1.00270525 26315
O3B FM20                
1 44112U 19020A   25223.18167926 -.00000014  00000+0  00000+0 0  9992
2 44112   0.0489 355.2906 0003370 141.4469 223.2882  5.00115342116058
O3B FM19                
1 44113U 19020B   25222.80917320 -.00000014  00000+0  00000+0 0  9992
2 44113   0.0345  30.9345 0003579 134.5080 194.5669  5.00115741115917
O3B FM17                
1 44114U 19020C   25223.08892695 -.00000014  00000+0  00000+0 0  9991
2 44114   0.0679 350.8357 0003036 143.3363 225.8521  5.00115253116010
O3B FM18                
1 44115U 19020D   25223.23503902 -.00000014  00000+0  00000+0 0  9999
2 44115   0.0485 355.4886 0002828 142.4074 222.1250  5.00115122116138
SES-17                  
1 49332U 21095A   25223.17016681 -.00000271  00000+0  00000+0 0  9991
2 49332   0.0144  65.2147 0001159  79.7405 169.0808  1.00269609 14724
SES-22                  
1 52933U 22071A   25223.26834106  .00000106  00000+0  00000+0 0  9993
2 52933   0.0188  80.0142 0001133  50.9251 146.6270  1.00270942  4416
SES-20                  
1 53960U 22123A   25223.28008796 -.00000099  00000+0  00000+0 0  9994
2 53960   0.0213 116.1378 0001690 353.3159 208.2681  1.00268301 10428
SES-21                  
1 53961U 22123B   25223.25361947  .00000071  00000+0  00000+0 0  9991
2 53961   0.0257  44.4299 0000940  95.1116 140.7002  1.00270477  4105
O3B MPOWER F1           
1 54755U 22174A   25223.01723954 -.00000014  00000+0  00000+0 0  9991
2 54755   0.0531  11.5016 0003923 122.6565  55.3204  5.00116090 49841
O3B MPOWER F2           
1 54756U 22174B   25223.10511101 -.00000014  00000+0  00000+0 0  9991
2 54756   0.0569   8.0129 0015680 120.8084 231.3181  4.98926308 49924
SES-18                  
1 55970U 23038A   25222.87744002 -.00000099  00000+0  00000+0 0  9994
2 55970   0.0202 248.7964 0001326 318.4916 325.0897  1.00268520  8990
SES-19                  
1 55971U 23038B   25223.22816965  .00000089  00000+0  00000+0 0  9991
2 55971   0.0158 274.9207 0001580 220.8110 131.4487  1.00268500  8965
O3B MPOWER F4           
1 56367U 23059A   25222.94497191 -.00000014  00000+0  00000+0 0  9997
2 56367   0.0379   0.0053 0004701 134.9129 225.1191  5.00116643 43089
O3B MPOWER F3           
1 56368U 23059B   25222.94986282 -.00000014  00000+0  00000+0 0  9992
2 56368   0.0343   2.6651 0007453  29.1302 328.2487  5.01317767 39212
O3B MPOWER F5           
1 58346U 23175A   25223.07823395 -.00000014  00000+0  00000+0 0  9999
2 58346   0.0543 343.0949 0005491 138.0576 238.9005  5.00116394 33924
O3B MPOWER F6           
1 58347U 23175B   25223.17815897 -.00000014  00000+0  00000+0 0  9999
2 58347   0.0486 349.5323 0007360 141.8596 228.6706  5.00115453 32837
ASTRA 1P (SES-24)       
1 60086U 24115A   25223.25867646  .00000121  00000+0  00000+0 0  9993
2 60086   0.0813 308.7039 0001150 233.8877 249.6954  1.00270066  4093
O3B MPOWER F7           
1 62362U 24244A   25223.24508487 -.00000014  00000+0  00000+0 0  9991
2 62362   0.0360  14.7446 0005811 128.2432 217.0516  5.00115632 11011
O3B MPOWER F8           
1 62363U 24244B   25223.01253330 -.00000014  00000+0  00000+0 0  9991
2 62363   0.0864   0.2573 0006699 144.3408 215.4457  5.00116843  5350
O3B MPOWER A            
1 64866U 25153A   25216.04933964  .00000045  00000+0 -10540-2 0  9991
2 64866   8.7040  72.7484 1866856 214.4291 131.9558  7.18924737   893
O3B MPOWER B            
1 64867U 25153B   25215.73691733  .00000047  00000+0 -44399-3 0  9994
2 64867   9.0893  73.3062 1896449 214.2066 132.0093  7.24232134   865
